tt
<TemperatureSampling msg='Press <ESC> to exit'/>
  21.5938
  21.5993
  21.6021
  21.6014
  21.5978
  21.5952
  21.5931
  21.5908
  21.5884
  21.5861
  21.5833
  21.5807
  21.5779
  21.5804
  21.5838
  21.5889
  21.5908
  21.5890
  21.5859
  21.5840
  21.5815
  21.5771
  21.5688
  21.5633
  21.5592
  21.5558
  21.5524
  21.5501
  21.5504
  21.5523
  21.5522
  21.5503
  21.5481
  21.5460
  21.5439
  21.5407
  21.5445
  21.5506
  21.5526
  21.5517
  21.5511
  21.5535
  21.5598
  21.5652
  21.5692
  21.5716
  21.5735
  21.5773
  21.5787
  21.5831
  21.5895
  21.5992
  21.6068
  21.6121
  21.6187
  21.6239
  21.6285
  21.6384
  21.6480
  21.6541
  21.6611
  21.6688
  21.6748
  21.6844
  21.6944
  21.7057
  21.7140
  21.7195
  21.7237
  21.7289
  21.7343
  21.7376
  21.7395
  21.7440
  21.7466
  21.7502
  21.7555
  21.7578
  21.7607
  21.7646
  21.7668
  21.7685
  21.7695
  21.7691
  21.7705
  21.7737
  21.7796
  21.7873
  21.7952
  21.8025
  21.8094
  21.8124
  21.8124
  21.8139
  21.8152
  21.8155
  21.8159
  21.8150
  21.8141
  21.8118
<Executed/>
tt
<TemperatureSampling msg='Press <ESC> to exit'/>
  21.8939
  21.9045
  21.9148
  21.9230
  21.9278
  21.9317
  21.9323
  21.9335
  21.9355
  21.9365
  21.9365
  21.9375
  21.9392
  21.9426
  21.9424
  21.9418
  21.9426
  21.9435
  21.9428
  21.9421
  21.9413
  21.9448
  21.9532
  21.9581
  21.9649
  21.9695
  21.9723
  21.9770
  21.9833
  21.9884
  21.9921
  21.9941
  21.9930
  21.9913
  21.9889
  21.9852
  21.9779
  21.9758
  21.9786
  21.9816
  21.9833
  21.9857
  21.9865
  21.9857
  21.9875
  21.9936
  22.0006
  22.0068
  22.0131
  22.0204
  22.0235
  22.0307
  22.0373
  22.0435
  22.0473
  22.0484
  22.0486
  22.0501
  22.0529
  22.0545
  22.0543
  22.0540
  22.0569
  22.0591
  22.0601
  22.0605
  22.0599
  22.0595
  22.0600
  22.0627
  22.0641
  22.0653
  22.0651
  22.0655
  22.0667
  22.0660
  22.0650
  22.0641
  22.0632
  22.0627
  22.0615
  22.0608
  22.0598
  22.0580
  22.0555
  22.0527
  22.0511
  22.0511
  22.0507
  22.0500
  22.0496
  22.0485
  22.0452
  22.0412
  22.0374
  22.0407
  22.0438
  22.0458
  22.0460
  22.0471
<Executed/>
