\r input, not echo'd. \r\n before prompt.
wakeup takes 1.045s, echo extra line "SBE 16plus"

$ kahn@gorda 05:30:26 ~/NewportAcoustic/bench/tests/ctdTiming $
 python test.py


SBE 16plus
S>show
(S 1.045) (B 1.046) (E 1.047) (_ 1.048) (1 1.049) (6 1.050) (p 1.051)
(l 1.052) (u 1.053) (s 1.053) (\r 1.054) (\n 1.055) (S 1.056)
(> 1.057)
Longest = 0.001

S>

S>show
(\r -3.495) (\n -3.494) (S -3.475) (> -3.474) (\r 0.007) (\n 0.008)
(S 0.027) (> 0.028)
ts
ts
 20.5306,  0.01495,    0.300, 1.8192, 0.0127,   0.0801, 24 Oct 2017 00:31:28
S>show
(t 0.006) (s 0.007) (\r 0.010) (\n 0.011) (_ 4.330) (2 4.330)
(0 4.330) (. 4.330) (5 4.330) (3 4.330) (0 4.331) (6 4.331) (, 4.331)
(_ 4.332) (_ 4.332) (0 4.333) (. 4.334) (0 4.334) (1 4.334) (4 4.335)
(9 4.336) (5 4.337) (, 4.338) (_ 4.338) (_ 4.339) (_ 4.355) (_ 4.355)
(0 4.355) (. 4.355) (3 4.356) (0 4.356) (0 4.356) (, 4.357) (_ 4.357)
(1 4.358) (. 4.359) (8 4.360) (1 4.361) (9 4.362) (2 4.363) (, 4.364)
(_ 4.365) (0 4.365) (. 4.366) (0 4.367) (1 4.368) (2 4.369) (7 4.370)
(, 4.371) (_ 4.379) (_ 4.379) (_ 4.381) (0 4.382) (. 4.383) (0 4.384)
(8 4.385) (0 4.386) (1 4.387) (, 4.388) (_ 4.389) (2 4.390) (4 4.391)
(_ 4.392) (O 4.393) (c 4.394) (t 4.395) (_ 4.395) (2 4.396) (0 4.397)
(1 4.398) (7 4.399) (_ 4.400) (0 4.400) (0 4.401) (: 4.402) (3 4.403)
(1 4.404) (: 4.405) (2 4.406) (8 4.407) (\r 4.408) (\n 4.409)
(S 4.410) (> 4.411)
ts
ts
 20.5252,  0.01494,    0.306, 1.8191, 0.0112,   0.0800, 24 Oct 2017 00:31:37
S>show
(t 0.006) (s 0.007) (\r 0.010) (\n 0.011) (_ 4.326) (2 4.327)
(0 4.328) (. 4.329) (5 4.329) (2 4.330) (5 4.330) (2 4.331) (, 4.331)
(_ 4.332) (_ 4.333) (0 4.334) (. 4.335) (0 4.336) (1 4.337) (4 4.351)
(9 4.352) (4 4.353) (, 4.354) (_ 4.355) (_ 4.356) (_ 4.357) (_ 4.358)
(0 4.359) (. 4.360) (3 4.361) (0 4.362) (6 4.363) (, 4.364) (_ 4.365)
(1 4.365) (. 4.366) (8 4.367) (1 4.368) (9 4.369) (1 4.369) (, 4.370)
(_ 4.371) (0 4.372) (. 4.376) (0 4.377) (1 4.378) (1 4.379) (2 4.380)
(, 4.381) (_ 4.382) (_ 4.383) (_ 4.384) (0 4.385) (. 4.386) (0 4.387)
(8 4.388) (0 4.389) (0 4.390) (, 4.391) (_ 4.392) (2 4.393) (4 4.394)
(_ 4.395) (O 4.396) (c 4.397) (t 4.398) (_ 4.399) (2 4.400) (0 4.401)
(1 4.402) (7 4.403) (_ 4.404) (0 4.405) (0 4.406) (: 4.407) (3 4.408)
(1 4.409) (: 4.410) (3 4.411) (7 4.412) (\r 4.413) (\n 4.414)
(S 4.415) (> 4.416)
ts
ts
 20.5476,  0.01495,    0.300, 1.8187, 0.0139,   0.0801, 24 Oct 2017 00:32:38
S>show
(t 0.006) (s 0.006) (\r 0.011) (\n 0.011) (_ 4.335) (2 4.336)
(0 4.336) (. 4.337) (5 4.338) (4 4.338) (7 4.339) (6 4.340) (, 4.341)
(_ 4.342) (_ 4.342) (0 4.343) (. 4.344) (0 4.345) (1 4.346) (4 4.347)
(9 4.348) (5 4.348) (, 4.349) (_ 4.350) (_ 4.350) (_ 4.350) (_ 4.359)
(0 4.359) (. 4.359) (3 4.359) (0 4.359) (0 4.359) (, 4.359) (_ 4.359)
(1 4.360) (. 4.361) (8 4.361) (1 4.362) (8 4.363) (7 4.364) (, 4.365)
(_ 4.366) (0 4.366) (. 4.367) (0 4.367) (1 4.368) (3 4.369) (9 4.369)
(, 4.370) (_ 4.370) (_ 4.383) (_ 4.384) (0 4.384) (. 4.385) (0 4.386)
(8 4.387) (0 4.388) (1 4.389) (, 4.390) (_ 4.391) (2 4.392) (4 4.393)
(_ 4.393) (O 4.394) (c 4.394) (t 4.395) (_ 4.396) (2 4.397) (0 4.398)
(1 4.399) (7 4.400) (_ 4.401) (0 4.402) (0 4.403) (: 4.404) (3 4.405)
(2 4.406) (: 4.407) (3 4.408) (8 4.409) (\r 4.409) (\n 4.410)
(S 4.411) (> 4.412)
time out
show
(t 124.395) (i 124.396) (m 124.397) (e 124.398) (_ 124.399)
(o 124.399) (u 124.400) (t 124.401) (\r 124.402) (\n 124.403)


SBE 16plus
S>show
(S 0.780) (B 0.781) (E 0.781) (_ 0.782) (1 0.783) (6 0.783) (p 0.784)
(l 0.784) (u 0.785) (s 0.785) (\r 0.786) (\n 0.787) (S 0.787)
(> 0.788)
ts
ts
 20.5320,  0.01495,    0.302, 1.8196, 0.0126,   0.0801, 24 Oct 2017 00:35:03
S>exit

### syncmode=y syncwait=0 DelayBeforeSampling=0
# note - in syncmode there is a leading #


# 19.2729,  0.01511,    0.135, 0.0095, 0.0104,   0.0828, 07 Nov 2017 19:30:31
show
(\r 3.146) (\n 3.147) (# 3.148) (_ 3.234) (1 3.235) (9 3.236)
(. 3.236) (2 3.237) (7 3.238) (2 3.238) (9 3.239) (, 3.239) (_ 3.240)
(_ 3.241) (0 3.241) (. 3.242) (0 3.243) (1 3.244) (5 3.244) (1 3.245)
(1 3.259) (, 3.260) (_ 3.261) (_ 3.262) (_ 3.263) (_ 3.264) (0 3.265)
(. 3.266) (1 3.267) (3 3.268) (5 3.269) (, 3.270) (_ 3.270) (0 3.270)
(. 3.271) (0 3.272) (0 3.273) (9 3.274) (5 3.275) (, 3.276) (_ 3.276)
(0 3.277) (. 3.278) (0 3.278) (1 3.284) (0 3.285) (4 3.286) (, 3.287)
(_ 3.287) (_ 3.288) (_ 3.289) (0 3.289) (. 3.290) (0 3.291) (8 3.292)
(2 3.293) (8 3.294) (, 3.295) (_ 3.296) (0 3.297) (7 3.298) (_ 3.299)
(N 3.300) (o 3.301) (v 3.301) (_ 3.302) (2 3.303) (0 3.303) (1 3.304)
(7 3.305) (_ 3.305) (1 3.306) (9 3.307) (: 3.307) (3 3.308) (0 3.309)
(: 3.310) (3 3.311) (1 3.312) (\r 3.313) (\n 3.314)
Longest = 0.086


