I printed out the depth values in integers, see attached file.  There are 
93 lines.  Now 1st 3 lines in the Axial.grid corresponds to the latitude 
at 46.249540 and the last 3 lines in the file corresponds to 45.75.  The 
interval between every 3 lines are approximately 1 minute.

For each 3 lines, there are 31 numbers.  There are corresponded from 
longitude -130.25 (1st number in the 1st line) to -129.75 (last number 
in the 3rd line) in approximately 1 minute interval.

The negative depths indicate interpolated or the depths within 3 to 15 
seconds.  There are 10 of them.

 
 2246  2417  2454  2594  2616  2776  2785 -2788  1333  2783  2774
  2775  2755  2754  2712  2716  2469  2247  1731  1942  2185
  2213  2255  2210  2147  2099  2192  2172  2237  2212  2224
  2383  2404  2476  2640  2761  2789  2777  2781  2794  2792  2778
  2772  2771  2751  2648  2645  2369  2244  2182  2154  2138
  2075  2109  2059  2073  2011  2184  2205  2205  2158  2180
  2363  2473  2664  2705  2739  2792  1338  2783  2796  2786  2772
  2796  2664  2782  2716  2439  2274  2170  2174  2110  2031
  2034  2105  2097  1938  1980  2197  2091  2159  2190  2198
  2297  2640  2695  2731  2753  2778  2778  2812  2804  2778  2785
  2786  2797  2798  2520  2241  2195  2203  2194  2065  2012
  1992  1944  2070  2174  2283  2073  2213  2231  2159  2224
  2444  2625  2741  2780  2793  2768  2803  2817  2816  2768  2790
  2788  2754  2741  2521  2279  2267  2141  2099  1934  1995
  1981  2063  2131  2147  2232  2245  2191  2144  2204  2209
-2560  2541  2692  2765  2772  2785  2811  2810  2780  2649  2742
  2807  2717  2541  2360  2237  2076  2019  1958  1911  1943
  2010  2010  2077  2140  2248  2172  2127  2213  2243  2212
  2546  2487  2642  2716  2446  2785  2667  2803  2585  2713  2802
  2759  2563  2370  2223  2179  2031  1975  1845  1866  1981
  2074  2052  2160  2180  2210  2129  2144  2256  2263  2246
  2568  2611  2626  2641  2686  2424  2273  2249  2770  2855  2611
  2499  2451  2217  2061  2002  1863  1878  1874  1885  1951
  1936  1977  2149  2180  2173  2137  2201  2258  2215  2248
  2580  2582  2645  2626  2671  2736  2758  2767  2777  2710  2422
  2370  2267  2127  2021  1868  1836  1853  1866  1888  1901
  1870  2170  2189  2164  2156  2186  2283  2228  2194  2233
  2615  2612  2637  2493  2717  2659  2747  2744  2656  2517  2331
  2265  2140  2018  1923  1794  1779  1836  1857  1871  1900
  2205  2287  2204  2095  2117  2214  2292  2223  2191  2229
  2610  2640  2684  2701  2728  2732  2716  2712  2534  2341  2182
  2136  2011  1910  1821  1804  1769  1799  1743  1876  2082
  2283  2360  2237  2165  2172  2278  2269  2223  2046  2169
  2556  2583  2582  2704  2723  2713  2689  2558  2293  2222  2119
  2030  1904  1762  1763  1720  1762  1688  1779  2041  2288
  2240  2321  2201  2233  2251  2312  2280  2196  2164  2215
  2515  2517  2493  2542  1216  2629  2557  2282  2093  2093  2069
  1931  1824  1743  1686  1692  1668  1785  1952  2304  2271
  2287  2218  2250  2288  2293  2283  2282  2189  2175  2231
  2407  2437  2446 -2493  2496  2477  2351  2056  2075  2012  1984
  1827  1763  1680  1639  1665  1664  1804  2064  2276  2317
  2278  2290  2236  2288  2266  2252  2194  2124  2243  2201
  2225  2297  2289 -2173  2203  2177  2062  1926  1992  1692  1677
  1714  1670  1633  1600  1595  1642  1678  2225  2238  2322
  2236  2308  2278  2283  2267  2221  2141  2132  2228  2197
  1719  1744  1807  1861  1907  1925  1964  1943  1678  1598  1599
  1608  1592  1565  1561  1502  1543  1649  2169  2295  2296
  2261  2209  2203  2124  2133  2057  2157  2216 -2153  2144
  1675  1708  1684  1770  1821  1861  1908  1696  1662  1626  1572
  1568  1527  1585  1591  1534  1502  1594  1658  2080  2187
  2183  2092  2072  2078  2026  2091  2169  1032  2128 -2073
  1681  1773  1777  1914  2000  2046  1865  1664  1628  1651  1615
  1543  1483  1489  1567  1553  1511  1558  1581  1668  1922
  2010  1993  1973  2009  2093  2136  2108 -2117  2065  2029
  1875  1999  2024  1899  2115  2043  1742  1662  1662  1680  1612
  1556  1492  1435  1566  1555  1534  1551  1549  1626  1687
  1744  1845  1874  1959  2077  2115  2162  2140  2120  2062
  2013  2089  2160  2223  2147  2013  1839  1681  1732  1771  1751
  1624  1544  1450  1437  1555  1535  1551  1585  1607  1637
  1703  1712  1754  1961  2085  2105  2175  2103  2034  1986
-2139  2217  2268  2283  2072  1988  1916  1781  1815  1856  1913
  1739  1653  1539  1532  1560  1556  1586  1615  1612  1647
  1698  1726  1759  1874  2025  2061  2105  2038  2043  2118
  2074  2262  2304  2270  2098  1965  1885  1860  1937  1964  1984
  1907  1723  1626  1619  1598  1609  1650  1710  1708  1717
  1739  1740  1810  1836  1860  2019  2006  2053  2104  2324
  1901  2209  2284  2237  2147  1983  1972  1962  2020  2062  1975
  1894  1736  1661  1667  1671  1716  1759  1765  1774  1805
  1808  1788  1852  1905  1949  2005  2049  2204  2284  2466
  2124  2205  2304  2242  2038  2033  1942  1984  2014  2085  1984
  1893  1770  1788  1752  1745  1832  1832  1823  1836  1872
  1904  1887  1913  1938  1971  1973  2045  2208  2491  2601
  2136  2190  2265  2285  2052  2083  2032  2069  2081  2151  2035
  1910  1782  1809  1802  1839  1832  1843  1855  1884  1910
  1905  1921  1940  1960  1943  1990  2065  2210  2479  2625
  2213  2235  2239  2132  2144  2079  2132  2101  2206  2203  2030
  1928  1786  1875  1824 -1844  1892  1922  1947  2007  2033
  1970  2028  2020  1996  1946  2012  2018  2280  2536  2640
  2348  2209  2249  2224  2127  2100  2099  2076  2266  2230  2032
  1870  1884  1935  1816  1874  1977  1989  2054  2085  2074
  2143  2113  2083  2026  1986  2063  2090  2366  2586  2640
  2358  2242  2248  2295  2137  2027  2057  2121  2265  2213  2087
  1908  1885  1911  1869  1961  2006  2150  2138  2260  2225
  2211  2158  2106  2036  2043  2093  2279  2475  2545  2592
  2471  2362  2292  2355  2222  2020  2028  2082  2117  2075  2023
  1912  1933  1924  1904  1979  2114  2139  2252  2295  2314
  2286  2135  2123  2141  2171  2207  2394  2583  2577  2612
  2466  2454  2347  2340  2361  2278  2014  2055  2017  2019  2037
  1986  1924  1908  2029  2064  2189  2194  2343  2306  2299
  2260  2221  2253  2373  2293  2409  2456  2561  2571  2573
  2516  2473  2389  2451  2452  2341  2225  2012  2036  1964  2032
  1961  1982  1781  2003  2126  2204  2262  2328  2368  2275
  2126  2295  2414  2395  2437  2453  2392  2584  2577  2607


 
