 31      0.1493       44.4438      -122.5470
 239 239 229 229 213 213 181 181 165 165 157 151 151 147 147 127 127 121 121 111  88  88  72  72 102 102   1   1   1   1
 239 238 229 213 206 191 183 171 167 160 155 151 147 145 138 132 123 120 114 103  92  78  71  72  81  60  30  -1  -1   1
 263 236 220 199 192 180 174 165 162 156 152 148 143 141 133 127 118 114 107  97  86  71  62  58  63  46  23  -1  -1  -1
 253 234 212 184 178 169 165 159 157 153 149 145 140 136 127 122 112 108  99  90  80  64  53  44  45  31  16  -1  -1  -1
 253 217 199 177 174 166 162 156 153 149 145 141 136 131 122 117 106 101  93  84  75  59  48  33  28  16   8  -1  -1  -1
 201 201 188 172 168 161 157 151 148 143 139 135 129 124 115 111 102  97  89  80  72  60  53  34  23   8   4  -1  -1  -1
 187 181 175 164 160 154 151 145 141 135 130 125 117 113 105 101  94  92  84  77  69  60  56  34  17  -1  -1  -1  -1  -1
 177 174 169 159 155 149 147 141 136 129 123 116 108 104  97  94  90  88  82  75  67  63  61  39  20  -1  -1  -1  -1  -1
 177 167 162 154 150 145 143 137 132 125 117 110 102  99  93  90  86  86  81  75  68  62  59  37  19  -1  -1  -1  -1  -1
 161 159 154 146 143 137 133 127 124 120 113 107 100  98  92  88  83  82  77  72  67  62  59  45  33   9  -1  -1  -1  -1
 157 149 144 136 133 125 121 116 115 112 107 102  97  95  89  85  79  77  74  70  67  61  57  50  47  29  15  -1  -1  -1
 147 143 137 127 124 116 111 107 107 106 103 100  95  92  86  82  76  74  71  69  66  60  56  56  60  43  22  -1  -1  -1
 147 140 134 124 120 112 109 104 104 101  98  94  90  89  85  82  77  75  71  66  61  52  47  41  42  29  15  -1  -1  -1
 145 138 133 124 119 110 106 100  98  96  93  90  87  86  83  81  77  74  69  64  58  50  45  39  37  24  12  -1  -1  -1
 137 132 128 119 113 104 100  92  88  86  85  85  83  82  81  80  76  73  67  60  54  46  40  31  28  16   8  -1  -1  -1
 127 127 124 115 109  98  94  85  81  79  82  84  82  82  79  77  73  70  65  60  55  48  43  37  35  23  12  -1  -1   1
 127 125 121 106  97  85  82  75  71  72  77  82  81  80  78  76  72  69  63  56  49  41  37  29  25  14   7   1   1   1
 137 124 119 103  91  77  75  70  67  70  76  82  81  80  77  76  71  69  64  55  46  37  35  26  18   6   1  -1  -1   1
 121 122 118 100  86  70  68  65  64  69  75  81  80  79  77  75  71  69  64  53  42  33  34  23  12  -1  -1  -1  -1  -1
 121 114 111  96  86  71  67  64  64  69  75  81  82  81  78  76  72  70  66  56  46  38  37  24  12  -1  -1  -1  -1  -1
 113 110 103  90  82  69  63  58  60  66  74  81  84  83  80  78  73  71  66  58  49  38  33  18   9  -1  -1  -1  -1  -1
 117 106  98  86  82  70  62  56  58  64  73  82  86  86  83  79  73  70  63  57  51  44  40  24  12  -1  -1  -1  -1  -1
 113 106  99  88  85  73  64  56  58  64  74  83  88  88  83  79  71  67  60  55  50  47  45  29  15  -1  -1  -1  -1  -1
 113 103  97  88  85  74  67  61  61  66  74  82  85  85  82  78  70  66  57  52  48  55  61  45  23  -1  -1  -1  -1  -1
 101  98  93  84  82  74  69  63  62  65  71  78  81  82  79  76  70  67  56  51  46  56  64  48  24  -1  -1  -1  -1  -1
  99  94  89  82  80  75  72  66  64  63  68  73  77  78  76  73  67  64  54  49  45  58  67  51  26  -1  -1  -1  -1  -1
  99  93  88  82  80  77  75  70  65  61  66  70  75  76  74  70  64  61  51  48  45  58  67  50  25  -1  -1  -1  -1   1
  99  93  90  84  82  78  75  71  69  65  67  69  74  75  72  69  63  60  53  51  48  58  66  49  25   1   1   1   1   1
  93  93  91  87  85  80  78  75  75  73  73  72  74  74  71  69  65  63  57  54  50  60  69  52  26  -1  -1  -1  -1   1
  94  94  91  91  88  88  83  83  85  85  81  77  77  73  73  65  65  64  64  55  51  51  86  86   1   1  -1  -1  -1  -1
