test\s16

 press ' ' ([space]) to exit into picoDOS 
You have 10 seconds  9  8 
startCheck(): starts 4, max 50
---   ---
Program: sys.c,  Build: Aug 20 2018 14:55:23
System Parameters: CF2 SN 12997, PicoDOS 4.03, BIOS 4.03
Program:   Version:   Starts: 4
Started: 08-22-18 21:36:59
---   ---
VEE: BOY.TESTING=TRUE
VEE: BOY.CYCLEMAX=4
16000kHz nsF:90 nsR:70 nsC:190 adj:-10 WF:0  WR:0  WC:2  SYPCR:13
ctdDepth -0.2
ctdDepth -0.2
Press Q to exit
get 15.1045,  0.01177,   -0.184, 0.0101, 0.0098,   0.0706, 22 Aug 2018 21:37:0s
S>amples:
 22.6888,  0.00002,   -0.209, 0.0094, 0.0095,   0.0111, 20 Aug 2018 22:49:30
 22.6889,  0.00002,   -0.208, 0.0103, 0.0099,   0.0111, 20 Aug 2018 22:49:33
 ...
 12.7187,  0.00011,   -0.194, 0.0102, 0.0108,   0.0067, 22 Aug 2018 15:37:41
 12.7224,  0.00011,   -0.193, 0.0100, 0.0099,   0.0067, 22 Aug 2018 15:37:43
 12.7199,  0.00011,   -0.195, 0.0100, 0.0099,   0.0067, 22 Aug 2018 15:39:23
 12.7198,  0.00012,   -0.195, 0.0100, 0.0108,   0.0067, 22 Aug 2018 15:39:33
 12.7264,  0.00012,   -0.192, 0.0102, 0.0103,   0.0067, 22 Aug 2018 15:39:43
 12.7228,  0.00011,   -0.192, 0.0102, 0.0109,   0.0067, 22 Aug 2018 15:39:53
 12.7249,  0.00011,   -0.194, 0.0101, 0.0114,   0.0067, 22 Aug 2018 15:40:03
 12.7217,  0.00011,   -0.190, 0.0101, 0.0098,   0.0067, 22 Aug 2018 15:40:13
 12.7232,  0.00011,   -0.194, 0.0092, 0.0106,   0.0067, 22 Aug 2018 15:40:23
 12.7206,  0.00012,   -0.194, 0.0100, 0.0108,   0.0067, 22 Aug 2018 15:40:33
 12.7192,  0.00013,   -0.192, 0.0099, 0.0101,   0.0067, 22 Aug 2018 15:40:43
 12.7198,  0.00012,   -0.191, 0.0103, 0.0101,   0.0067, 22 Aug 2018 15:40:53
 12.7202,  0.00012,   -0.193, 0.0097, 0.0112,   0.0067, 22 Aug 2018 15:41:03
 12.7202,  0.00012,   -0.197, 0.0105, 0.0108,   0.0067, 22 Aug 2018 15:41:13
 12.7221,  0.00012,   -0.195, 0.0101, 0.0102,   0.0067, 22 Aug 2018 15:41:23
 12.7466,  0.00013,   -0.191, 0.0099, 0.0110,   0.0068, 22 Aug 2018 15:45:58
 12.7561,  0.00013,   -0.190, 0.0105, 0.0096,   0.0068, 22 Aug 2018 15:47:38
 12.6707,  0.00020,   -0.192, 0.0098, 0.0101,   0.0070, 22 Aug 2018 15:49:18
 12.6498,  0.00022,   -0.192, 0.0098, 0.0106,   0.0070, 22 Aug 2018 15:50:12
 12.6497,  0.00022,   -0.190, 0.0103, 0.0106,   0.0070, 22 Aug 2018 15:50:14
 12.6488,  0.00022,   -0.190, 0.0100, 0.0098,   0.0070, 22 Aug 2018 15:50:16
 12.6510,  0.00022,   -0.192, 0.0098, 0.0108,   0.0070, 22 Aug 2018 15:50:19
 12.5748,  0.00026,   -0.192, 0.0101, 0.0096,   0.0071, 22 Aug 2018 15:51:53
 12.5775,  0.00026,   -0.190, 0.0096, 0.0103,   0.0071, 22 Aug 2018 15:51:55
 === deployed, settled, current check
  8.4337,  3.54729,   60.253, 0.0103, 0.0106,  33.7580, 22 Aug 2018 16:33:03
  8.4258,  3.54696,   60.222, 0.0095, 0.0097,  33.7621, 22 Aug 2018 16:33:06
  8.4263,  3.54689,   60.182, 0.0095, 0.0099,  33.7609, 22 Aug 2018 16:33:09
 === surface
 11.7439,  3.76097,   15.520, 0.0103, 0.0111,  32.8967, 22 Aug 2018 16:35:34
 11.7449,  3.77002,   14.961, 0.0101, 0.0107,  32.9842, 22 Aug 2018 16:35:44
 11.7729,  3.77419,   14.968, 0.0105, 0.0103,  33.0000, 22 Aug 2018 16:35:54
 11.7918,  3.77666,   14.716, 0.0093, 0.0103,  33.0074, 22 Aug 2018 16:36:04
 11.7964,  3.78136,   14.707, 0.0095, 0.0098,  33.0490, 22 Aug 2018 16:36:14
 11.7716,  3.78503,   14.639, 0.0099, 0.0104,  33.1068, 22 Aug 2018 16:36:24
 11.7800,  3.78399,   14.447, 0.0101, 0.0106,  33.0893, 22 Aug 2018 16:36:34
 11.7592,  3.78777,   14.595, 0.0105, 0.0105,  33.1446, 22 Aug 2018 16:36:44
 11.7582,  3.78756,   14.566, 0.0100, 0.0101,  33.1434, 22 Aug 2018 16:36:54
 11.7587,  3.78715,   14.430, 0.0099, 0.0113,  33.1391, 22 Aug 2018 16:37:04
 11.7318,  3.78878,   14.610, 0.0103, 0.0103,  33.1789, 22 Aug 2018 16:37:14
 11.7006,  3.78810,   14.544, 0.0097, 0.0111,  33.2003, 22 Aug 2018 16:37:24
 11.7016,  3.78837,   14.307, 0.0098, 0.0107,  33.2021, 22 Aug 2018 16:37:34
 11.7230,  3.78726,   13.999, 0.0098, 0.0109,  33.1722, 22 Aug 2018 16:37:44
 11.7449,  3.78826,   13.835, 0.0101, 0.0101,  33.1625, 22 Aug 2018 16:37:54
 11.7311,  3.78914,   13.984, 0.0101, 0.0099,  33.1833, 22 Aug 2018 16:38:04
 11.6737,  3.78850,   13.765, 0.0098, 0.0104,  33.2285, 22 Aug 2018 16:38:14
 11.6055,  3.78666,   14.020, 0.0096, 0.0098,  33.2717, 22 Aug 2018 16:38:24
 11.5656,  3.78492,   13.867, 0.0099, 0.0107,  33.2905, 22 Aug 2018 16:38:34
 11.6708,  3.78664,   13.444, 0.0107, 0.0105,  33.2131, 22 Aug 2018 16:38:44
 11.5238,  3.78368,   13.800, 0.0096, 0.0098,  33.3160, 22 Aug 2018 16:38:54
 11.5352,  3.78338,   13.594, 0.0098, 0.0105,  33.3028, 22 Aug 2018 16:39:04
 11.4981,  3.78164,   13.685, 0.0092, 0.0105,  33.3192, 22 Aug 2018 16:39:14
 11.4917,  3.78142,   13.626, 0.0097, 0.0107,  33.3228, 22 Aug 2018 16:39:24
 11.4953,  3.78164,   13.661, 0.0096, 0.0111,  33.3216, 22 Aug 2018 16:39:34
 11.4828,  3.78067,   13.823, 0.0095, 0.0098,  33.3235, 22 Aug 2018 16:39:44
 11.4906,  3.78096,   13.666, 0.0103, 0.0102,  33.3192, 22 Aug 2018 16:39:54
 11.4907,  3.78095,   13.668, 0.0093, 0.0108,  33.3191, 22 Aug 2018 16:40:04
 11.5189,  3.78193,   13.709, 0.0100, 0.0104,  33.3033, 22 Aug 2018 16:40:14
 11.5868,  3.78354,   13.394, 0.0095, 0.0099,  33.2581, 22 Aug 2018 16:40:24
 11.6393,  3.78489,   13.550, 0.0095, 0.0100,  33.2242, 22 Aug 2018 16:40:34
 11.6797,  3.78609,   13.635, 0.0095, 0.0103,  33.1996, 22 Aug 2018 16:40:44
 11.7246,  3.78747,   13.714, 0.0113, 0.0101,  33.1729, 22 Aug 2018 16:40:54
 11.7589,  3.78894,   13.836, 0.0097, 0.0101,  33.1565, 22 Aug 2018 16:41:04
 11.7679,  3.78844,   13.826, 0.0098, 0.0101,  33.1436, 22 Aug 2018 16:41:14
 11.7780,  3.78814,   13.857, 0.0101, 0.0101,  33.1318, 22 Aug 2018 16:41:28
 11.7777,  3.78804,   13.709, 0.0097, 0.0108,  33.1311, 22 Aug 2018 16:41:31
 11.7951,  3.78615,   13.766, 0.0102, 0.0094,  33.0972, 22 Aug 2018 16:41:33
 11.7997,  3.78600,   13.983, 0.0095, 0.0099,  33.0915, 22 Aug 2018 16:41:35
 11.8008,  3.78543,   13.824, 0.0101, 0.0105,  33.0851, 22 Aug 2018 16:41:38
 11.8038,  3.78520,   13.601, 0.0096, 0.0101,  33.0802, 22 Aug 2018 16:41:40
 11.8109,  3.78451,   13.872, 0.0099, 0.0102,  33.0671, 22 Aug 2018 16:41:42
 11.8094,  3.78438,   13.803, 0.0108, 0.0111,  33.0672, 22 Aug 2018 16:41:45
 11.8091,  3.78431,   13.565, 0.0101, 0.0103,  33.0668, 22 Aug 2018 16:41:47
 11.8109,  3.78398,   13.624, 0.0098, 0.0112,  33.0620, 22 Aug 2018 16:41:50
 11.8107,  3.78405,   13.544, 0.0100, 0.0109,  33.0629, 22 Aug 2018 16:41:52
 11.8116,  3.78392,   13.695, 0.0101, 0.0102,  33.0608, 22 Aug 2018 16:41:54
 11.8114,  3.78398,   13.847, 0.0098, 0.0098,  33.0615, 22 Aug 2018 16:41:57
 11.8105,  3.78390,   13.622, 0.0101, 0.0106,  33.0616, 22 Aug 2018 16:41:59
 11.8122,  3.78358,   13.640, 0.0098, 0.0111,  33.0569, 22 Aug 2018 16:42:01
 11.8146,  3.78316,   13.865, 0.0110, 0.0101,  33.0506, 22 Aug 2018 16:42:04
 11.8131,  3.78339,   13.829, 0.0098, 0.0103,  33.0543, 22 Aug 2018 16:42:06
 11.8133,  3.78324,   13.705, 0.0098, 0.0111,  33.0527, 22 Aug 2018 16:42:08
 11.8147,  3.78264,   13.681, 0.0095, 0.0104,  33.0456, 22 Aug 2018 16:42:11
 11.8154,  3.78101,   13.991, 0.0103, 0.0103,  33.0290, 22 Aug 2018 16:42:13
 11.8142,  3.78136,   13.874, 0.0092, 0.0105,  33.0335, 22 Aug 2018 16:42:15
 11.8147,  3.78041,   13.815, 0.0101, 0.0109,  33.0239, 22 Aug 2018 16:42:18
 11.8150,  3.78027,   13.848, 0.0096, 0.0099,  33.0222, 22 Aug 2018 16:42:20
 11.8143,  3.78029,   13.854, 0.0106, 0.0108,  33.0230, 22 Aug 2018 16:42:23
 11.8162,  3.78114,   13.952, 0.0092, 0.0104,  33.0296, 22 Aug 2018 16:42:25
 11.8143,  3.78074,   13.726, 0.0105, 0.0105,  33.0274, 22 Aug 2018 16:42:27
 11.8739,  3.77546,   13.683, 0.0096, 0.0103,  32.9233, 22 Aug 2018 16:43:20
 11.8863,  3.77541,   13.653, 0.0096, 0.0104,  32.9119, 22 Aug 2018 16:43:22
 11.8952,  3.77520,   13.761, 0.0094, 0.0102,  32.9019, 22 Aug 2018 16:43:25
 11.8959,  3.77555,   13.685, 0.0090, 0.0109,  32.9047, 22 Aug 2018 16:43:27
 11.9044,  3.77563,   13.760, 0.0105, 0.0105,  32.8979, 22 Aug 2018 16:43:29
 11.8939,  3.77561,   14.205, 0.0106, 0.0105,  32.9068, 22 Aug 2018 16:43:32
 11.8736,  3.77679,   14.640, 0.0096, 0.0098,  32.9361, 22 Aug 2018 16:43:34
 11.8675,  3.77718,   14.875, 0.0098, 0.0108,  32.9452, 22 Aug 2018 16:43:36
 11.8482,  3.77837,   15.032, 0.0096, 0.0100,  32.9738, 22 Aug 2018 16:43:39
 11.8322,  3.77880,   15.278, 0.0101, 0.0099,  32.9921, 22 Aug 2018 16:43:41
 11.8309,  3.77864,   15.480, 0.0101, 0.0098,  32.9916, 22 Aug 2018 16:43:44
 11.8189,  3.77866,   15.937, 0.0093, 0.0112,  33.0022, 22 Aug 2018 16:43:46
 11.8115,  3.77874,   16.223, 0.0092, 0.0098,  33.0094, 22 Aug 2018 16:43:48
 11.8106,  3.77857,   16.207, 0.0094, 0.0101,  33.0086, 22 Aug 2018 16:43:51
 11.8100,  3.77850,   16.606, 0.0110, 0.0100,  33.0082, 22 Aug 2018 16:43:53
 11.8146,  3.77945,   17.115, 0.0102, 0.0111,  33.0132, 22 Aug 2018 16:43:55
 11.8154,  3.77977,   17.307, 0.0096, 0.0105,  33.0155, 22 Aug 2018 16:43:58
 11.8161,  3.78000,   17.514, 0.0098, 0.0097,  33.0171, 22 Aug 2018 16:44:00
 11.8172,  3.78023,   17.856, 0.0100, 0.0101,  33.0182, 22 Aug 2018 16:44:02
 11.8197,  3.78144,   18.192, 0.0105, 0.0110,  33.0275, 22 Aug 2018 16:44:05
 11.8218,  3.78202,   18.417, 0.0095, 0.0095,  33.0313, 22 Aug 2018 16:44:07
 11.8218,  3.78316,   18.780, 0.0100, 0.0101,  33.0422, 22 Aug 2018 16:44:09
 11.8203,  3.78475,   19.151, 0.0092, 0.0097,  33.0589, 22 Aug 2018 16:44:12
 11.8144,  3.78551,   19.387, 0.0095, 0.0105,  33.0714, 22 Aug 2018 16:44:14
 11.8126,  3.78561,   19.533, 0.0095, 0.0105,  33.0739, 22 Aug 2018 16:44:17
 11.7950,  3.78818,   19.939, 0.0100, 0.0106,  33.1144, 22 Aug 2018 16:44:19
 11.7758,  3.79142,   20.334, 0.0098, 0.0101,  33.1629, 22 Aug 2018 16:44:21
 11.7698,  3.79203,   20.420, 0.0109, 0.0102,  33.1742, 22 Aug 2018 16:44:24
 11.7680,  3.79214,   20.600, 0.0095, 0.0116,  33.1768, 22 Aug 2018 16:44:26
 11.6422,  3.78897,   21.057, 0.0092, 0.0101,  33.2583, 22 Aug 2018 16:44:28
 11.4799,  3.78354,   21.339, 0.0095, 0.0098,  33.3510, 22 Aug 2018 16:44:31
 11.4592,  3.78210,   21.397, 0.0096, 0.0101,  33.3555, 22 Aug 2018 16:44:33
 11.4465,  3.78045,   21.641, 0.0095, 0.0117,  33.3506, 22 Aug 2018 16:44:35
 11.3958,  3.77661,   22.056, 0.0097, 0.0100,  33.3585, 22 Aug 2018 16:44:38
 11.3634,  3.77424,   22.281, 0.0100, 0.0095,  33.3643, 22 Aug 2018 16:44:40
 11.3365,  3.77223,   22.395, 0.0095, 0.0103,  33.3688, 22 Aug 2018 16:44:42
 11.3267,  3.77126,   22.485, 0.0098, 0.0109,  33.3680, 22 Aug 2018 16:44:45
 11.2694,  3.76689,   22.923, 0.0101, 0.0099,  33.3766, 22 Aug 2018 16:44:47
 11.2136,  3.76352,   23.337, 0.0091, 0.0102,  33.3938, 22 Aug 2018 16:44:50
 11.2081,  3.76305,   23.351, 0.0100, 0.0102,  33.3941, 22 Aug 2018 16:44:52
 11.2037,  3.76239,   23.472, 0.0111, 0.0112,  33.3915, 22 Aug 2018 16:44:54
 11.1440,  3.75872,   23.981, 0.0101, 0.0092,  33.4092, 22 Aug 2018 16:44:57
 11.0514,  3.75324,   24.352, 0.0092, 0.0100,  33.4390, 22 Aug 2018 16:44:59
 11.0599,  3.75398,   24.362, 0.0092, 0.0099,  33.4386, 22 Aug 2018 16:45:01
 11.0887,  3.75519,   24.423, 0.0093, 0.0108,  33.4244, 22 Aug 2018 16:45:04
 10.8633,  3.73797,   24.782, 0.0090, 0.0098,  33.4585, 22 Aug 2018 16:45:06
 10.6392,  3.72440,   25.216, 0.0094, 0.0096,  33.5280, 22 Aug 2018 16:45:08
 10.4828,  3.71277,   25.412, 0.0091, 0.0098,  33.5551, 22 Aug 2018 16:45:11
 10.5383,  3.71706,   25.380, 0.0105, 0.0103,  33.5471, 22 Aug 2018 16:45:13
 10.6371,  3.72201,   25.662, 0.0093, 0.0098,  33.5059, 22 Aug 2018 16:45:15
 10.3680,  3.70317,   26.050, 0.0096, 0.0098,  33.5640, 22 Aug 2018 16:45:18
 10.3380,  3.70133,   26.175, 0.0105, 0.0101,  33.5732, 22 Aug 2018 16:45:20
 10.3596,  3.70222,   26.287, 0.0105, 0.0105,  33.5621, 22 Aug 2018 16:45:23
 10.3305,  3.69909,   26.635, 0.0108, 0.0091,  33.5573, 22 Aug 2018 16:45:25
 10.3249,  3.69882,   26.869, 0.0095, 0.0098,  33.5596, 22 Aug 2018 16:45:27
 10.3297,  3.69860,   27.060, 0.0098, 0.0095,  33.5529, 22 Aug 2018 16:45:30
 10.3157,  3.69711,   27.394, 0.0095, 0.0100,  33.5506, 22 Aug 2018 16:45:32
 10.3186,  3.69731,   27.526, 0.0101, 0.0110,  33.5499, 22 Aug 2018 16:45:34
 10.3166,  3.69669,   27.662, 0.0101, 0.0102,  33.5454, 22 Aug 2018 16:45:37
 10.2673,  3.69095,   28.058, 0.0098, 0.0101,  33.5327, 22 Aug 2018 16:45:39
  9.9810,  3.66289,   28.317, 0.0101, 0.0105,  33.5132, 22 Aug 2018 16:45:41
  9.9765,  3.66256,   28.490, 0.0098, 0.0119,  33.5140, 22 Aug 2018 16:45:44
  9.7259,  3.63551,   28.745, 0.0100, 0.0095,  33.4706, 22 Aug 2018 16:45:46
  9.6509,  3.62981,   28.898, 0.0106, 0.0096,  33.4819, 22 Aug 2018 16:45:48
  9.5733,  3.62038,   29.193, 0.0100, 0.0101,  33.4573, 22 Aug 2018 16:45:51
  9.4861,  3.61323,   29.601, 0.0091, 0.0115,  33.4649, 22 Aug 2018 16:45:53
  9.4574,  3.61016,   29.700, 0.0095, 0.0101,  33.4600, 22 Aug 2018 16:45:56
  9.4893,  3.61241,   29.789, 0.0096, 0.0099,  33.4534, 22 Aug 2018 16:45:58
  9.4329,  3.60637,   30.152, 0.0097, 0.0101,  33.4437, 22 Aug 2018 16:46:00
  9.3121,  3.59608,   30.493, 0.0095, 0.0111,  33.4501, 22 Aug 2018 16:46:03
  9.2728,  3.59359,   30.757, 0.0096, 0.0102,  33.4611, 22 Aug 2018 16:46:05
  9.2019,  3.58854,   31.022, 0.0093, 0.0099,  33.4751, 22 Aug 2018 16:46:07
  9.1844,  3.58700,   31.258, 0.0095, 0.0104,  33.4755, 22 Aug 2018 16:46:10
  9.1829,  3.58667,   31.462, 0.0094, 0.0105,  33.4733, 22 Aug 2018 16:46:12
  9.1631,  3.58540,   31.730, 0.0093, 0.0101,  33.4786, 22 Aug 2018 16:46:14
  9.1395,  3.58368,   31.966, 0.0098, 0.0094,  33.4828, 22 Aug 2018 16:46:17
  9.1668,  3.58531,   32.250, 0.0111, 0.0101,  33.4740, 22 Aug 2018 16:46:19
  9.0785,  3.58050,   32.639, 0.0095, 0.0108,  33.5069, 22 Aug 2018 16:46:21
  9.0530,  3.57992,   32.872, 0.0100, 0.0101,  33.5247, 22 Aug 2018 16:46:24
  9.0506,  3.57972,   33.048, 0.0111, 0.0096,  33.5248, 22 Aug 2018 16:46:26
  9.0410,  3.57924,   33.284, 0.0095, 0.0101,  33.5288, 22 Aug 2018 16:46:28
  9.0337,  3.57880,   33.560, 0.0093, 0.0100,  33.5309, 22 Aug 2018 16:46:31
  9.0244,  3.57855,   33.861, 0.0092, 0.0095,  33.5369, 22 Aug 2018 16:46:33
  9.0164,  3.57833,   34.142, 0.0101, 0.0101,  33.5420, 22 Aug 2018 16:46:36
  9.0059,  3.57818,   34.447, 0.0095, 0.0101,  33.5502, 22 Aug 2018 16:46:38
  8.9967,  3.57780,   34.758, 0.0097, 0.0105,  33.5549, 22 Aug 2018 16:46:40
  8.9956,  3.57765,   35.028, 0.0103, 0.0105,  33.5541, 22 Aug 2018 16:46:43
  8.9941,  3.57738,   35.278, 0.0098, 0.0101,  33.5527, 22 Aug 2018 16:46:45
  8.9879,  3.57694,   35.531, 0.0099, 0.0101,  33.5538, 22 Aug 2018 16:46:47
  8.9780,  3.57708,   35.845, 0.0098, 0.0092,  33.5645, 22 Aug 2018 16:46:50
  8.9600,  3.57701,   36.248, 0.0095, 0.0103,  33.5805, 22 Aug 2018 16:46:52
  8.9467,  3.57700,   36.604, 0.0092, 0.0107,  33.5928, 22 Aug 2018 16:46:54
  8.9340,  3.57657,   36.777, 0.0093, 0.0098,  33.6003, 22 Aug 2018 16:46:57
  8.9258,  3.57635,   37.052, 0.0098, 0.0097,  33.6056, 22 Aug 2018 16:46:59
  8.9047,  3.57637,   37.523, 0.0095, 0.0098,  33.6257, 22 Aug 2018 16:47:01
  8.8814,  3.57565,   37.848, 0.0101, 0.0105,  33.6401, 22 Aug 2018 16:47:04
  8.8705,  3.57507,   38.041, 0.0095, 0.0093,  33.6442, 22 Aug 2018 16:47:06
  8.8634,  3.57459,   38.374, 0.0098, 0.0106,  33.6458, 22 Aug 2018 16:47:09
  8.8554,  3.57416,   38.792, 0.0105, 0.0092,  33.6486, 22 Aug 2018 16:47:11
  8.8461,  3.57369,   39.178, 0.0092, 0.0098,  33.6524, 22 Aug 2018 16:47:13
  8.8317,  3.57295,   39.547, 0.0098, 0.0105,  33.6581, 22 Aug 2018 16:47:16
  8.8209,  3.57227,   39.843, 0.0094, 0.0107,  33.6612, 22 Aug 2018 16:47:18
  8.7946,  3.57065,   40.149, 0.0093, 0.0092,  33.6690, 22 Aug 2018 16:47:20
  8.7655,  3.56890,   40.590, 0.0097, 0.0103,  33.6781, 22 Aug 2018 16:47:23
  8.7501,  3.56797,   40.979, 0.0096, 0.0105,  33.6827, 22 Aug 2018 16:47:25
  8.7422,  3.56731,   41.362, 0.0095, 0.0101,  33.6832, 22 Aug 2018 16:47:27
  8.7276,  3.56628,   41.829, 0.0085, 0.0093,  33.6860, 22 Aug 2018 16:47:30
  8.7221,  3.56593,   42.189, 0.0098, 0.0096,  33.6875, 22 Aug 2018 16:47:32
  8.6987,  3.56427,   42.516, 0.0089, 0.0098,  33.6922, 22 Aug 2018 16:47:34
  8.6874,  3.56344,   42.923, 0.0093, 0.0111,  33.6940, 22 Aug 2018 16:47:37
  8.6745,  3.56266,   43.376, 0.0095, 0.0103,  33.6979, 22 Aug 2018 16:47:39
  8.6612,  3.56173,   43.816, 0.0092, 0.0092,  33.7006, 22 Aug 2018 16:47:42
  8.6441,  3.56067,   44.241, 0.0090, 0.0095,  33.7055, 22 Aug 2018 16:47:44
  8.6363,  3.56016,   44.662, 0.0093, 0.0109,  33.7074, 22 Aug 2018 16:47:46
  8.6197,  3.55896,   45.069, 0.0096, 0.0101,  33.7104, 22 Aug 2018 16:47:49
  8.6017,  3.55761,   45.455, 0.0115, 0.0098,  33.7131, 22 Aug 2018 16:47:51
  8.5942,  3.55696,   45.937, 0.0089, 0.0101,  33.7132, 22 Aug 2018 16:47:53
  8.5791,  3.55605,   46.416, 0.0095, 0.0101,  33.7179, 22 Aug 2018 16:47:56
  8.5694,  3.55535,   46.757, 0.0092, 0.0107,  33.7196, 22 Aug 2018 16:47:58
  8.5660,  3.55496,   47.141, 0.0092, 0.0100,  33.7185, 22 Aug 2018 16:48:00
  8.5544,  3.55441,   47.652, 0.0101, 0.0099,  33.7236, 22 Aug 2018 16:48:03
  8.5482,  3.55420,   48.165, 0.0092, 0.0098,  33.7271, 22 Aug 2018 16:48:05
  8.5428,  3.55398,   48.594, 0.0096, 0.0116,  33.7296, 22 Aug 2018 16:48:07
  8.5414,  3.55386,   48.951, 0.0089, 0.0100,  33.7297, 22 Aug 2018 16:48:10
  8.5348,  3.55360,   49.334, 0.0095, 0.0095,  33.7329, 22 Aug 2018 16:48:12
  8.5257,  3.55310,   49.793, 0.0095, 0.0100,  33.7363, 22 Aug 2018 16:48:15
  8.5096,  3.55238,   50.274, 0.0092, 0.0093,  33.7437, 22 Aug 2018 16:48:17
  8.5012,  3.55196,   50.730, 0.0097, 0.0098,  33.7472, 22 Aug 2018 16:48:19
  8.4885,  3.55151,   51.126, 0.0098, 0.0115,  33.7544, 22 Aug 2018 16:48:22
  8.4607,  3.55017,   51.501, 0.0092, 0.0098,  33.7667, 22 Aug 2018 16:48:24
  8.4403,  3.54924,   51.935, 0.0094, 0.0092,  33.7762, 22 Aug 2018 16:48:26
  8.4370,  3.54909,   52.371, 0.0103, 0.0096,  33.7776, 22 Aug 2018 16:48:29
  8.4344,  3.54888,   52.757, 0.0092, 0.0109,  33.7776, 22 Aug 2018 16:48:31
  8.4318,  3.54869,   53.167, 0.0115, 0.0096,  33.7780, 22 Aug 2018 16:48:33
  8.4279,  3.54848,   53.607, 0.0090, 0.0103,  33.7792, 22 Aug 2018 16:48:36
  8.4266,  3.54836,   54.019, 0.0095, 0.0099,  33.7790, 22 Aug 2018 16:48:38
  8.4259,  3.54828,   54.416, 0.0089, 0.0094,  33.7786, 22 Aug 2018 16:48:40
  8.4251,  3.54821,   54.850, 0.0095, 0.0099,  33.7785, 22 Aug 2018 16:48:43
  8.4236,  3.54809,   55.268, 0.0092, 0.0100,  33.7785, 22 Aug 2018 16:48:45
  8.4204,  3.54790,   55.661, 0.0091, 0.0099,  33.7793, 22 Aug 2018 16:48:48
  8.4100,  3.54736,   56.053, 0.0095, 0.0096,  33.7833, 22 Aug 2018 16:48:50
  8.4020,  3.54695,   56.472, 0.0095, 0.0097,  33.7865, 22 Aug 2018 16:48:52
  8.3960,  3.54654,   56.908, 0.0108, 0.0111,  33.7877, 22 Aug 2018 16:48:55
  8.3879,  3.54608,   57.332, 0.0095, 0.0099,  33.7904, 22 Aug 2018 16:48:57
  8.3851,  3.54590,   57.736, 0.0096, 0.0092,  33.7911, 22 Aug 2018 16:48:59
  8.3820,  3.54571,   58.125, 0.0095, 0.0105,  33.7919, 22 Aug 2018 16:49:02
  8.3728,  3.54518,   58.529, 0.0092, 0.0106,  33.7948, 22 Aug 2018 16:49:04
  8.3510,  3.54404,   58.968, 0.0101, 0.0108,  33.8035, 22 Aug 2018 16:49:06
  8.3464,  3.54383,   59.412, 0.0092, 0.0100,  33.8055, 22 Aug 2018 16:49:09
  8.3465,  3.54379,   59.815, 0.0095, 0.0096,  33.8048, 22 Aug 2018 16:49:11
  8.3467,  3.54375,   60.192, 0.0094, 0.0096,  33.8040, 22 Aug 2018 16:49:13
  8.3480,  3.54375,   60.444, 0.0093, 0.0101,  33.8026, 22 Aug 2018 16:49:16
  8.3493,  3.54381,   60.447, 0.0092, 0.0108,  33.8020, 22 Aug 2018 16:49:18
  8.3474,  3.54371,   60.456, 0.0093, 0.0104,  33.8027, 22 Aug 2018 16:49:21
  8.3489,  3.54375,   60.412, 0.0087, 0.0101,  33.8017, 22 Aug 2018 16:49:23
  8.3489,  3.54374,   60.391, 0.0096, 0.0099,  33.8016, 22 Aug 2018 16:49:25
 15.1481,  0.01182,   -0.184, 0.0093, 0.0103,   0.0708, 22 Aug 2018 21:35:13
 15.1274,  0.01180,   -0.181, 0.0093, 0.0092,   0.0708, 22 Aug 2018 21:35:16
 15.1207,  0.01180,   -0.184, 0.0094, 0.0108,   0.0707, 22 Aug 2018 21:35:18
 15.1460,  0.01181,   -0.184, 0.0095, 0.0100,   0.0707, 22 Aug 2018 21:36:26
 15.1291,  0.01180,   -0.183, 0.0099, 0.0098,   0.0707, 22 Aug 2018 21:36:28
 15.1321,  0.01180,   -0.184, 0.0095, 0.0098,   0.0707, 22 Aug 2018 21:37:01
 15.1252,  0.01180,   -0.182, 0.0095, 0.0112,   0.0707, 22 Aug 2018 21:37:04
 15.1045,  0.01177,   -0.185, 0.0100, 0.0098,   0.0706, 22 Aug 2018 21:37:06
S>
C:\>test\s39

 press ' ' ([space]) to exit into picoDOS 
You have 10 seconds  9 
startCheck(): starts 5, max 50
---   ---
Program: sys.c,  Build: Aug 20 2018 14:55:23
System Parameters: CF2 SN 12997, PicoDOS 4.03, BIOS 4.03
Program:   Version:   Starts: 5
Started: 08-22-18 21:38:16
---   ---
VEE: BOY.TESTING=TRUE
VEE: BOY.CYCLEMAX=4
16000kHz nsF:90 nsR:70 nsC:190 adj:-10 WF:0  WR:0  WC:2  SYPCR:13
mpcSleep() at 08-22-18 21:38:25
 press ' ' ([space]) to exit into picoDOS 
You have 10 seconds 
pc 22

Pin 22 [I/O OUT] = 0pc 26

Pin 26 [I/O OUT] = 0pc 37

Pin 37 [I/O OUT] = 0pc 42

Pin 42 [I/O OUT] = 0
C:\>boot pico
Will boot PicoDOS
Resetting...  

pc 22

Pin 22 [I/O OUT] = 0pc 26

Pin 26 [I/O OUT] = 0pc 37

Pin 37 [I/O OUT] = 0pc 42

Pin 42 [I/O OUT] = 0
C:\>sleep

 Low Power Sleep 07-22-18 21:38:44ã: 
